IC50 (nM)

























































































































































































































































































































































































































































































































































































































0.06
0.1
0.2
0.2
0.3
0.5
0.5
0.54
0.6
0.6
0.6
0.7
0.7
0.8
0.8
0.9
1
1
<1
<1
<1
<1
<1
1
<1
<1
<1
1
<1
1
1
1
<1
<1
1
1
1
1
1
1
<1
1




















































































































































































































































































































































































































































































































1
1
1
1
1
1
1
1
1
1
1.6
1.6
2
2
2
2
2
2
2
2
2
2
2
2
2
2
2
2
2
2
2
2
2
2
2
2
2
2
2
2.3
3
3
3
3
3
3































































































































































































































































































































































































































































3
3
3
3
3
3
3
3
3
3
3
3
3
3
3.2
4
4
4
4
4
4
4
4
4
4
4
4
4
4
4
4
4
4
4.1
4.1
5
5
5
5
5
5
5
5
5
5





















































































5
5
5
5
5
5
5
5
5
5
5
5
5
5
5
5
5
5
5
6
6
6
6
6
6
6
6
6
6
6
6
6
6
6
6
6
6.9
7
7
7
7
7
7
7
7
7
7
7
7
7
7
7
7
7
7.7
8
8
8
8
8
8
8
8
8
8
8
8
8
8
8
8
8
8
8
8
9
9
9
9
9
9
9
9
9
9
9
9
9
9.1
9.2
9.9
10
10
10
10
10
10
10
10
10
10
10
10
10
10
11
11
11
11
11
11
11
11
11
11
11
11
11.2
11.99
11.99
11.99
11.99
12
12
12
12
12
12
12
12
12
12
12
13
13
13
13
13
13
13
13
13
13
13
13
13
13
13
13
13.7
14
14
14
14
14
14
14.2
15
15
15
15
15
15
15
15
15
15
15
15
15
15
15
16
16
16
16
16
16
16
16
16.98
17
17
17
17
17
17
17
17
17
17
17
17
17
17
17
17.99
17.99
17.99
18
18
18
18
18
18
18
18
18
18
18
18
18
18
19
19
19
19
19
19
19
19
19
19
19
19.01
19.01
20
20
20
20
20
20
20
20
20
20
20
20.99
21
21
21
21
21
21
21
21
21
21
22
22
22
22
22
22
23
23
23
23
23
23
23.99
24
24
24
24
24
24
25
25
25
25
25
25
25
25
25
26
26
26
26
26
26.98


















































27
27
27
27
27
27
28
28
29
29
29
29.99
29.99
30
30
30
30
30
30
30
30
30
30
30
31
31
31
31
32
32
32
32
33
33
33
33
33.96
34
34
34
34
34
34.99
35
35
35
35
35.4
36
36
36
36
36.98
37
37
37
37
38
38
38
38
38
38.02
38.99
39
39
39
39
39
40
40
40
40
40
40
40
40
41
41
42
43
43
43.95
44
44
45
46
46
46
46.03
46.99
47
47
47
47.97
48
48
48
48
49
49
49
49
49
49.1
50
50
50
50
50
50
50
50
50
50
50
50
51
51
51
53
53
54
56
56
56
57
57
57
57
57
58
58
58
59
59
59
59
59
59
59.02
60
60
60
60
60
60.95
61
61
61
61
62
62
62.95
62.95
63
63
63
64
64
64
64
65
66
66
66
67
67
67
67
67
67
68
69
69
70
70
70
71
71
72
73
73
73
74
75
75
76
76
76
76
76
76
76
76.03
77
77
77
77
78
78
78
78
79
80
80
80
80
80
80
80
80
80
80
80
80
80
81
82
82
83
83.1
84
84
85
85
85
87
88
88
90
90
90
90
90
91
92
92
92
93
93.97
94
94
94
95
95.06
97
97
98
98
98
99
99
100
100
100
100
100
101
102
102
102
102.09
103
103
104
104
105
106
107
107
107
107
109
109.9
110
110
110
110
110
110
110
110
110
112
113
114
114
114.02
115
118
120
120
120
120
120
120
124
125
126
126
126
127
127.94
128
128
129
129.12
130
130
130
130
131
134
135
135
139
139
140
140
140
140
140
141.4
143
144
144
144
145
145
147
148
150
150
150
151
152
152
152
152.05
154
157
159
160
160
160
160
160
161
161
162
163
169
170
170
173
175
178
180
180
180
180
180
180
180
180
183
185
185
190
190
190
191
194
194.98
195
195
195
195
196
199
200
200
200
200
200
202
202.77
203
203
206
208
208
210
210
210
210
210
210
210
210
213
213
215
215
217
220
220
220
220
220
220
223
223
226
226
227
230
230
230
230
232.81
233
233
240
240
240
241
244
247
247
247.8
250
250
250
250
250
250
250
250
250
250
251
251
255
255
255
255
256
256
258
260
260
260
260
260
263
267
269.77
270
270
274
274
276
279.9
280
280
280
280
280
284
285
289.73
290
290
290
291
291
292
292
293
297
297.17
298
298
300
300
300
300


















































300
300
300
300
300
302
309
313
316
316
317
318
318
318
320
320
321
321
321
327
330
330
330
330
333
335
335
340
340
340
340
345.94
346
350
350
350
351
352
353
358
360
369
369
370
370
370
370
371
377
380
382
384
388
388.15
399
400
400
400
402
407
408
410
417
422
430
434
440
440
440
449
449.78
450
450
450
450
460
460
460
460.26
463
464
466
471
479.73
480
480
480
480
482
483
483
483.06
489
490
490
490
490
490
490.91
491
491
491
491
497
499
>500
512
512
512
517
520
520
520
520
520
530
536
540
540
540
540
540
548
550
550
553
559.76
560
560
560
563
567.54
568
574
579.43
580
580
584
587
590
590
590
600
600
600
600
600
617
620
629
629.51
630
630
630
636
640
640
641
646
650
650
654
667
670
670
670
680
690
690
700
703
706
711
712
720
720
720
726
735
742
747
748
750
750
750
750
750
750
759
760
760
767
770
773
774
794
794.33
800
800
800
800
802
805
808
820
820
820
824
824.14
830
850
851
851.14
855
861
873
876
880
890
890
899.5
900
900
900
900
910
914
916
924
930
939.72
940
940
940
970
973
979
979.49
980
980
980
981
981
981
981.75
990
1000
>1000
1000
1000
1000
1000
1000
>1000
>1000
>1000
1000
>1000
>1000
>1000
>1000
>1000
>1000
>1000
>1000
>1000
>1000
>1000
>1000
>1000
>1000
>1000
>1000
>1000
>1000
>1000
>1000
>1000
>1000
>1000
1000
>1000
>1000
1010
1039
1046
1047
1050
1059.25
1060
1078
1087
1088
1088.93
1090
1090
1098
1100
1100
1123
1130
1141
1144
1150
1160
1160
1160
1170
1187
1194
1199.5
1200
1200
1200
1200
1200
1210
1220
1222
1240
1258.93
1259
1259
1282
1285
1285
1287
1288.25
1293
1294
1298
1300
1319
1320
1326
1328
1330
1350
1361
1368
1370
1374
1400
1400
1400
1400
1400
1410
1439
1440
1440
1452
1470
1480
1495
1500
1500
1500
1500
1510
1530
1530
1570
1580
1580
1581.25
1584.89
1584.89
1585
1585
1585
1585
1585
1590
1600
1600
1600
1600
1600
1600
1610
1620
1670
1670
1679
1680
1698.24
1698.24
1700
1700
1700
1709
1720
1760
1760
1770
1784
1790
1790
1790
1800
1800
1800
1800
1820
1845
1845
1851
1851
1900
1900
1900
1900
1901.08
1948
1986
1988
1995
1995
1995
1995
1995
1995
1995.26
1995.26
1995.26
2000
2000
2000
2000
2000
2000
2000
2000
2000
2023.02
2024
2040
2050
2070.14
2072
2098
2100
2140
2160
2177
2200
2200
2223
2238.72
2241
2241
2300
2300
2300
2320
2320
2390
2400
2400
2405
2409
2409.91
2440
2500
2511.89
2511.89
2511.89
2511.89
2512
2512
2512
2512
2512
2512
2512
2560
2570
2600
2600
2600
2600
2600
2600
2600
2680
2680
2700
2700
2707
2737
2760
2789
2800
2800
2800
2830


















































2897.34
2897.34
2900
2900
2900
2900
2900
2900
2900
2900
2960
2980
3000
3000
3000
3000
3000
3000
3000
3000
3017
3100
3100
3110
3120
3120
3160
3162
3162
3162
3162
3162
3162
3162
3162.28
3162.28
3162.28
3162.28
3200
3220
3290
3300
3362
3400
3400
3400
3500
3546
3570
3600
3610
3610
3630
3657
3700
3700
3730
3732.5
3800
3800
3801.89
3820
3900
3968
3981
3981
3981
3981
3981
3981
3981
3981
3981
3981.07
3981.07
3981.07
3981.07
4000
4000
4000
4000
4000
4000
4000
4000
4000
4000
4057
4100
4100
4100
4102.04
4200
4240
4280
4295.36
4300
4300
4330
4400
4400
4470
4498
4500
4556
4560
4600
4602.57
4680
4690
4700
4740
4800
4800
4809
4897.79
4900
5000
>5000
>5000
5000
5000
5011.87
5011.87
5011.87
5012
5012
5012
5012
5012
5012
5012
5012
5012
5012
5012
5012
5012
5012
5012
5012
5012
5100
5132
5200
5293
5336
5395.11
5400
5400
5460
5500
5559.04
5560
5560
5600
5600
5700
5700
5790
5794.29
5800
5860
6000
>6000
6000
6095.37
6095.37
6100
6100
6194.41
6200
6200
6200
6260
6266.14
6280
6300
6309.57
6309.57
6309.57
6310
6310
6310
6310
6310
6310
6310
6310
6310
6310
6310
6310
6310
6310
6310
6310
6310
6400
6400
6440
6440
6500
6500
6501.3
6633
6700
6700
6700
6770
6935
7000
7140
7257
7400
7570
7580
7585.78
7600
7600
7620
7690
7700
7900
7943
7943
7943
7943
7943
7943
7943
7943
7943
7943
7943
7943.28
7943.28
7943.28
7998.34
8000
8000
8100
8110
8110
8120
8200
8310
8460
8660
8669.62
8670
8670
9100
9120
9120.11
9400
9444
10000
10000
>10000
>10000
>10000
>10000
>10000
>10000
>10000
>10000
>10000
>10000
>10000
>10000
>10000
>10000
>10000
>10000
>10000
>10000
>10000
>10000
>10000
>10000
>10000
>10000
10000
>10000
>10000
>10000
>10000
>10000
>10000
<10000
10000
>10000
>10000
10000
>10000
>10000
>10000
>10000
>10000
>10000
>10000
>10000
>10000
>10000
>10000
>10000
>10000
>10000
>10000
>10000
>10000
>10000
>10000
>10000
>10000
>10000
>10000
>10000
10100
10310
10591
10712
11000
>11000
11700
12000
12000
12200
12500
12589
13000
13000
13000
13521
13800
13800
13803.84
14000
14000
14000
14000
14996.85
>15000
>15000
>15000
>15000
>15000
>15000
>15000
>15000
>15000
>15000
>15000
>15000
>15000
>15000
>15000
>15000
>15000
>15000
>15000
>15000
>15000
>15000
>15000
>15000
15000
>15000
>15000
>15000
>15000
15000
>15000
>15000
>15000
>15000
>15000
>15000
>15000
>15000
>15000
>15000
15000
>15000
>15000
15100
15400
17000
18000
18140
18400
18700
19800
19998.62
20000
20000
20000
>20000
21000
21000
21577.44
21600
22000
22000
22000
22000
22200
22300
23600
23600
23604.78
>25000
>25000
25000
>25000
>25000
>25000
>25000
<25119
<25119
25800
26000
26000
27000
>27300
>27500
28000
30000
30000
30000
30000
30000
30000
30000
30000
30200
33000
33265.96
33300
33300
33300
33300
33300
38000
38700
39994.47
40000
40000
40000
42000
44000
44000
>50000
50000
>50000
>50000
>50000
>50000
>50000
>50000
>50000
>50000
>50000
>50000
>50000
>50000
>50000
50140
53000
53700
55000
56200
59100
>60000
>60000
>60000
>60000
>60000
>60000
>60000
>60000
>60000
>60000
>60000
>60000
>60000
>60000
>60000
>60000
>60000
62700
>70000
78400
78450
84000
>98400
>98400
>100000
>100000


















































>100000
100000
>100000
124000
140000
191000
>200000
744000
1000000
